300,0.0878437,0.748887
600,0.147489,0.723254
900,0.190712,0.711128
1200,0.233009,0.772678
1500,0.266525,0.764083
1800,0.29561,0.785418
2100,0.33669,0.819033
2400,0.363261,0.817959
2700,0.385546,0.831159
3000,0.394839,0.836224

3300,0.41584,0.840522
3600,0.445132,0.873676
3900,0.456317,0.861243
4200,0.484135,0.873216
4500,0.514237,0.866002
4800,0.524089,0.869685
5100,0.523441,0.877667
5400,0.54589,0.883039
5700,0.556961,0.889179
6000,0.583914,0.893323

6300,0.59303,0.888258
6600,0.58046,0.883807
6900,0.616646,0.887183
7200,0.617089,0.904835
7500,0.636201,0.892709
7800,0.617614,0.899616
8100,0.652421,0.908979
8400,0.648508,0.897928
8700,0.661337,0.9033
9000,0.674225,0.901151

9300,0.675587,0.905909
9600,0.690652,0.906063
9900,0.671756,0.913431
10200,0.677039,0.906677
10500,0.710155,0.911589
10800,0.711157,0.916347
11100,0.68936,0.907598
11400,0.730356,0.913738
11700,0.711464,0.911896
12000,0.73979,0.918803

12300,0.713922,0.913738
12600,0.739949,0.911435
12900,0.734182,0.907598
13200,0.73858,0.914044
13500,0.759764,0.917268
13800,0.754072,0.91251
14100,0.759206,0.920031
14400,0.76804,0.922947
14700,0.753369,0.917728
15000,0.786952,0.920645

15300,0.758555,0.917114
15600,0.773556,0.921566
15900,0.774424,0.916347
16200,0.789537,0.925863
16500,0.779627,0.92218
16800,0.786402,0.91957
17100,0.806683,0.922794
17400,0.800164,0.922026
17700,0.811748,0.92218
18000,0.816257,0.92617

18300,0.805842,0.92218
18600,0.803932,0.924175
18900,0.815391,0.92218
19200,0.814467,0.918956
19500,0.816298,0.929854
19800,0.795581,0.926938
20100,0.82509,0.920952
20400,0.811194,0.92617
20700,0.828801,0.928626
21000,0.822007,0.925096

21300,0.82965,0.923407
21600,0.825562,0.930622
21900,0.828101,0.926784
22200,0.824755,0.921259
22500,0.85287,0.923254
22800,0.846476,0.924482
23100,0.835833,0.929394
23400,0.826056,0.930929
23700,0.828372,0.926477
24000,0.849545,0.93231

24300,0.848898,0.929087
24600,0.829002,0.928319
24900,0.84135,0.928473
25200,0.848769,0.928626
25500,0.858143,0.931082
25800,0.836843,0.921412
26100,0.845575,0.928319
26400,0.847532,0.927398
26700,0.863394,0.924635
27000,0.863084,0.934305

27300,0.858666,0.927091
27600,0.860541,0.928933
27900,0.859328,0.929547
28200,0.856683,0.930161
28500,0.864837,0.926784
28800,0.873028,0.927245
29100,0.865169,0.926477
29400,0.848797,0.929547
29700,0.858006,0.932617
30000,0.879385,0.934766

30300,0.881889,0.931389
30600,0.854956,0.927091
30900,0.873958,0.931696
31200,0.866667,0.935226
31500,0.889018,0.933692
31800,0.87392,0.931082
32100,0.873102,0.934152
32400,0.886349,0.935994
32700,0.852313,0.93231
33000,0.874438,0.930008

33300,0.871964,0.931082
33600,0.880076,0.932771
33900,0.890099,0.932771
34200,0.888088,0.93185
34500,0.890351,0.937375
34800,0.89235,0.932924
35100,0.885932,0.930468
35400,0.895143,0.93231
35700,0.8935,0.932157
36000,0.891886,0.937068

