0,0
50000000000000,11
100000000000000,0
150000000000000,0
200000000000000,57
250000000000000,0
300000000000000,1
350000000000000,22
400000000000000,0
450000000000000,0
500000000000000,1
550000000000000,1
600000000000000,17
650000000000000,13
700000000000000,26
750000000000000,0
800000000000000,1
850000000000000,4
900000000000000,160
950000000000000,16
1000000000000000,13
1050000000000000,7
1100000000000000,11
1150000000000000,190
1200000000000000,4
1250000000000000,35
1300000000000000,0
1350000000000000,9
1400000000000000,187
1450000000000000,1
1500000000000000,10
1550000000000000,24
1600000000000000,1
1650000000000000,194
1700000000000000,6
1750000000000000,12
1800000000000000,1
1850000000000000,26
1900000000000000,177
1950000000000000,15
2000000000000000,30
2050000000000000,17
2100000000000000,24
2150000000000000,215
2200000000000000,13
2250000000000000,0
2300000000000000,33
2350000000000000,43
2400000000000000,223
2450000000000000,8
2500000000000000,4
2550000000000000,33
2600000000000000,29
2650000000000000,161
2700000000000000,90
2750000000000000,4
2800000000000000,76
2850000000000000,38
2900000000000000,187
2950000000000000,17
3000000000000000,45
3050000000000000,46
3100000000000000,0
3150000000000000,59
3200000000000000,0
3250000000000000,18
3300000000000000,105
3350000000000000,1
3400000000000000,1
3450000000000000,0
3500000000000000,25
3550000000000000,72
3600000000000000,60
3650000000000000,11
3700000000000000,1
3750000000000000,25
3800000000000000,1
3850000000000000,92
3900000000000000,67
3950000000000000,8
4000000000000000,37
4050000000000000,0
4100000000000000,136
4150000000000000,0
4200000000000000,109
4250000000000000,46
4300000000000000,0
4350000000000000,174
4400000000000000,22
4450000000000000,13
4500000000000000,113
4550000000000000,1
4600000000000000,88
4650000000000000,15
4700000000000000,18
4750000000000000,107
4800000000000000,108
4850000000000000,129
4900000000000000,0
4950000000000000,0
5000000000000000,0
5050000000000000,61
5100000000000000,114
5150000000000000,0
5200000000000000,0
5250000000000000,1
5300000000000000,17
5350000000000000,1
5400000000000000,124
5450000000000000,0
5500000000000000,0
5550000000000000,5
5600000000000000,12
5650000000000000,2
5700000000000000,134
5750000000000000,0
5800000000000000,4
5850000000000000,12
5900000000000000,15
5950000000000000,107
6000000000000000,38
6050000000000000,4
6100000000000000,1
6150000000000000,1
6200000000000000,1
6250000000000000,140
6300000000000000,0
6350000000000000,1
6400000000000000,1
6450000000000000,16
6500000000000000,1
6550000000000000,164
6600000000000000,13
6650000000000000,36
6700000000000000,0
6750000000000000,19
6800000000000000,1
6850000000000000,189
6900000000000000,2
6950000000000000,2
7000000000000000,32
7050000000000000,16
7100000000000000,5
7150000000000000,170
7200000000000000,2
7250000000000000,16
7300000000000000,40
7350000000000000,0
7400000000000000,14
7450000000000000,104
7500000000000000,4
7550000000000000,1
7600000000000000,18
7650000000000000,4
7700000000000000,0
7750000000000000,167
7800000000000000,0
7850000000000000,3
7900000000000000,2
7950000000000000,0
8000000000000000,0
8050000000000000,176
8100000000000000,4
8150000000000000,3
8200000000000000,0
8250000000000000,150
8300000000000000,1
8350000000000000,192
8400000000000000,1
8450000000000000,70
8500000000000000,16
8550000000000000,2
8600000000000000,24
8650000000000000,167
8700000000000000,0
8750000000000000,14
8800000000000000,42
8850000000000000,22
8900000000000000,11
8950000000000000,160
9000000000000000,2
9050000000000000,2
9100000000000000,11
9150000000000000,39
9200000000000000,67
9250000000000000,96
9300000000000000,21
9350000000000000,0
9400000000000000,31
9450000000000000,1
9500000000000000,84
9550000000000000,63
9600000000000000,0
9650000000000000,5
9700000000000000,30
9750000000000000,74
9800000000000000,124
9850000000000000,40
9900000000000000,0
9950000000000000,48
10000000000000000,38
10050000000000000,0
10100000000000000,129
10150000000000000,45
10200000000000000,1
10250000000000000,0
10300000000000000,45
10350000000000000,2
10400000000000000,138
10450000000000000,2
10500000000000000,1
10550000000000000,2
10600000000000000,33
10650000000000000,4
10700000000000000,155
10750000000000000,2
10800000000000000,0
10850000000000000,1
10900000000000000,36
10950000000000000,1
11000000000000000,150
11050000000000000,19
11100000000000000,2
11150000000000000,11
11200000000000000,24
11250000000000000,8
11300000000000000,202
11350000000000000,1
11400000000000000,21
11450000000000000,40
11500000000000000,7
11550000000000000,39
11600000000000000,138
11650000000000000,17
11700000000000000,9
11750000000000000,17
11800000000000000,46
11850000000000000,30
11900000000000000,122
11950000000000000,0
12000000000000000,0
12050000000000000,53
12100000000000000,64
12150000000000000,41
12200000000000000,125
12250000000000000,0
12300000000000000,25
12350000000000000,24
12400000000000000,9
12450000000000000,45
12500000000000000,79
12550000000000000,10
12600000000000000,1
12650000000000000,0
12700000000000000,23
12750000000000000,12
12800000000000000,15
12850000000000000,0
12900000000000000,5
12950000000000000,11
13000000000000000,0
13050000000000000,0
13100000000000000,57
13150000000000000,43
13200000000000000,1
13250000000000000,50
13300000000000000,15
13350000000000000,1
13400000000000000,1
13450000000000000,19
13500000000000000,25
13550000000000000,0
13600000000000000,1
13650000000000000,0
13700000000000000,0
13750000000000000,1
13800000000000000,2
13850000000000000,45
13900000000000000,0
13950000000000000,44
14000000000000000,7
14050000000000000,40
14100000000000000,0
14150000000000000,0
14200000000000000,31
14250000000000000,5
14300000000000000,0
14350000000000000,1
14400000000000000,4
14450000000000000,10
14500000000000000,1
14550000000000000,18
14600000000000000,1
14650000000000000,1
14700000000000000,0
14750000000000000,1
14800000000000000,0
14850000000000000,46
14900000000000000,5
14950000000000000,0
15000000000000000,7
15050000000000000,0
15100000000000000,0
15150000000000000,0
15200000000000000,12
15250000000000000,0
15300000000000000,5
15350000000000000,27
15400000000000000,0
15450000000000000,9
15500000000000000,1
15550000000000000,4
15600000000000000,0
15650000000000000,0
15700000000000000,0
15750000000000000,42
15800000000000000,2
15850000000000000,1
15900000000000000,1
15950000000000000,42
16000000000000000,1
16050000000000000,0
16100000000000000,34
16150000000000000,20
16200000000000000,0
16250000000000000,0
16300000000000000,4
16350000000000000,13
16400000000000000,1
16450000000000000,0
16500000000000000,0
16550000000000000,1
16600000000000000,8
16650000000000000,0
16700000000000000,0
16750000000000000,1
16800000000000000,2
16850000000000000,30
16900000000000000,7
16950000000000000,1
17000000000000000,8
17050000000000000,8
17100000000000000,1
17150000000000000,0
17200000000000000,7
17250000000000000,77
17300000000000000,38
17350000000000000,5
17400000000000000,0
17450000000000000,5
17500000000000000,13
17550000000000000,63
17600000000000000,1
17650000000000000,34
17700000000000000,39
17750000000000000,2
17800000000000000,14
17850000000000000,12
17900000000000000,13
17950000000000000,5
18000000000000000,6
18050000000000000,55
18100000000000000,2
18150000000000000,0
18200000000000000,1
18250000000000000,18
18300000000000000,30
18350000000000000,0
18400000000000000,30
18450000000000000,8
18500000000000000,2
18550000000000000,21
18600000000000000,6
18650000000000000,0
18700000000000000,1
18750000000000000,0
18800000000000000,29
18850000000000000,1
18900000000000000,6
18950000000000000,0
19000000000000000,2
19050000000000000,73
19100000000000000,0
19150000000000000,0
19200000000000000,0
19250000000000000,0
19300000000000000,1
19350000000000000,20
19400000000000000,1
19450000000000000,0
19500000000000000,5
19550000000000000,0
19600000000000000,0
19650000000000000,0
19700000000000000,6
19750000000000000,0
19800000000000000,5
19850000000000000,2
19900000000000000,10
19950000000000000,6
20000000000000000,1
20050000000000000,10
20100000000000000,8
20150000000000000,0
20200000000000000,49
20250000000000000,0
20300000000000000,1
20350000000000000,0
20400000000000000,0
20450000000000000,0
20500000000000000,59
20550000000000000,10
20600000000000000,0
20650000000000000,0
20700000000000000,1
20750000000000000,37
20800000000000000,0
20850000000000000,12
20900000000000000,1
20950000000000000,10
21000000000000000,2
21050000000000000,0
21100000000000000,1
21150000000000000,31
21200000000000000,1
21250000000000000,2
21300000000000000,4
21350000000000000,4
21400000000000000,1
21450000000000000,8
21500000000000000,2
21550000000000000,1
21600000000000000,0
21650000000000000,27
21700000000000000,0
21750000000000000,2
21800000000000000,37
21850000000000000,52
21900000000000000,0
21950000000000000,1
22000000000000000,22
22050000000000000,15
22100000000000000,25
22150000000000000,2
22200000000000000,9
22250000000000000,17
22300000000000000,11
22350000000000000,8
22400000000000000,0
22450000000000000,25
22500000000000000,29
22550000000000000,0
22600000000000000,1
22650000000000000,15
22700000000000000,36
22750000000000000,39
22800000000000000,34
22850000000000000,0
22900000000000000,1
22950000000000000,0
23000000000000000,5
23050000000000000,0
23100000000000000,1
23150000000000000,11
23200000000000000,1
23250000000000000,1
23300000000000000,13
23350000000000000,0
23400000000000000,1
23450000000000000,0
23500000000000000,12
23550000000000000,12
23600000000000000,0
23650000000000000,0
23700000000000000,0
23750000000000000,12
23800000000000000,16
23850000000000000,1
23900000000000000,20
23950000000000000,13
24000000000000000,5
24050000000000000,0
24100000000000000,14
24150000000000000,3
24200000000000000,28
24250000000000000,4
24300000000000000,18
24350000000000000,4
24400000000000000,1
24450000000000000,18
24500000000000000,1
24550000000000000,0
24600000000000000,106
24650000000000000,2
24700000000000000,0
24750000000000000,1
24800000000000000,12
24850000000000000,1
24900000000000000,2
24950000000000000,0
25000000000000000,17
25050000000000000,0
25100000000000000,0
25150000000000000,0
25200000000000000,24
25250000000000000,2
25300000000000000,8
25350000000000000,1
25400000000000000,0
25450000000000000,6
25500000000000000,20
25550000000000000,3
25600000000000000,18
25650000000000000,44
25700000000000000,17
25750000000000000,13
25800000000000000,2
25850000000000000,20
25900000000000000,16
25950000000000000,2
26000000000000000,3
26050000000000000,72
26100000000000000,0
26150000000000000,0
26200000000000000,14
26250000000000000,1
26300000000000000,25
26350000000000000,1
26400000000000000,1
26450000000000000,0
26500000000000000,2
26550000000000000,0
26600000000000000,1
26650000000000000,1
26700000000000000,1
26750000000000000,1
26800000000000000,49
26850000000000000,0
26900000000000000,37
26950000000000000,16
27000000000000000,56
27050000000000000,0
27100000000000000,0
27150000000000000,1
27200000000000000,22
27250000000000000,48
27300000000000000,1
27350000000000000,0
27400000000000000,0
27450000000000000,0
27500000000000000,0
27550000000000000,11
27600000000000000,0
27650000000000000,0
27700000000000000,16
27750000000000000,0
27800000000000000,0
27850000000000000,1
27900000000000000,1
27950000000000000,0
28000000000000000,15
28050000000000000,0
28100000000000000,17
28150000000000000,0
28200000000000000,0
28250000000000000,7
28300000000000000,1
28350000000000000,0
28400000000000000,16
28450000000000000,71
28500000000000000,36
28550000000000000,0
28600000000000000,1
28650000000000000,24
28700000000000000,1
28750000000000000,31
28800000000000000,0
28850000000000000,0
28900000000000000,0
28950000000000000,2
29000000000000000,49
29050000000000000,0
29100000000000000,0
29150000000000000,0
29200000000000000,35
29250000000000000,0
29300000000000000,42
29350000000000000,33
29400000000000000,6
29450000000000000,13
29500000000000000,0
29550000000000000,0
29600000000000000,9
29650000000000000,3
29700000000000000,0
29750000000000000,0
29800000000000000,25
29850000000000000,0
29900000000000000,1
29950000000000000,0
30000000000000000,55
30050000000000000,10
30100000000000000,9
30150000000000000,56
30200000000000000,9
30250000000000000,37
30300000000000000,0
30350000000000000,3
30400000000000000,70
30450000000000000,2
30500000000000000,21
30550000000000000,0
30600000000000000,6
30650000000000000,28
30700000000000000,1
30750000000000000,2
30800000000000000,0
30850000000000000,1
30900000000000000,17
30950000000000000,19
31000000000000000,0
31050000000000000,1
31100000000000000,0
31150000000000000,0
31200000000000000,1
31250000000000000,1
31300000000000000,34
31350000000000000,3
31400000000000000,0
31450000000000000,1
31500000000000000,5
31550000000000000,0
31600000000000000,0
31650000000000000,25
31700000000000000,0
31750000000000000,0
31800000000000000,1
31850000000000000,39
31900000000000000,9
31950000000000000,1
32000000000000000,4
32050000000000000,10
32100000000000000,3
32150000000000000,0
32200000000000000,0
32250000000000000,23
32300000000000000,4
32350000000000000,10
32400000000000000,1
32450000000000000,7
32500000000000000,14
32550000000000000,0
32600000000000000,0
32650000000000000,0
32700000000000000,2
32750000000000000,1
32800000000000000,0
32850000000000000,7
32900000000000000,0
32950000000000000,15
33000000000000000,0
33050000000000000,0
33100000000000000,1
33150000000000000,32
33200000000000000,0
33250000000000000,0
33300000000000000,0
33350000000000000,0
33400000000000000,0
33450000000000000,0
33500000000000000,1
33550000000000000,1
33600000000000000,0
33650000000000000,8
33700000000000000,35
33750000000000000,16
33800000000000000,2
33850000000000000,4
33900000000000000,68
33950000000000000,26
34000000000000000,0
34050000000000000,18
34100000000000000,1
34150000000000000,2
34200000000000000,1
34250000000000000,4
34300000000000000,17
34350000000000000,26
34400000000000000,1
34450000000000000,0
34500000000000000,30
34550000000000000,0
34600000000000000,59
34650000000000000,1
34700000000000000,17
34750000000000000,0
34800000000000000,0
34850000000000000,1
34900000000000000,39
34950000000000000,1
35000000000000000,0
35050000000000000,35
35100000000000000,0
35150000000000000,0
35200000000000000,41
35250000000000000,0
35300000000000000,0
35350000000000000,8
35400000000000000,1
35450000000000000,1
35500000000000000,1
35550000000000000,37
35600000000000000,0
35650000000000000,1
35700000000000000,0
35750000000000000,0
35800000000000000,0
35850000000000000,0
35900000000000000,2
35950000000000000,7
36000000000000000,18
36050000000000000,0
36100000000000000,4
36150000000000000,55
36200000000000000,0
36250000000000000,22
36300000000000000,0
36350000000000000,0
36400000000000000,5
36450000000000000,1
36500000000000000,12
36550000000000000,11
36600000000000000,20
36650000000000000,6
36700000000000000,0
36750000000000000,2
36800000000000000,0
36850000000000000,85
36900000000000000,1
36950000000000000,11
37000000000000000,0
37050000000000000,5
37100000000000000,6
37150000000000000,0
37200000000000000,1
37250000000000000,0
37300000000000000,1
37350000000000000,8
37400000000000000,5
37450000000000000,0
37500000000000000,0
37550000000000000,1
37600000000000000,11
37650000000000000,1
37700000000000000,0
37750000000000000,0
37800000000000000,2
37850000000000000,14
37900000000000000,1
37950000000000000,79
38000000000000000,26
38050000000000000,1
38100000000000000,2
38150000000000000,0
38200000000000000,2
38250000000000000,1
38300000000000000,20
38350000000000000,1
38400000000000000,2
38450000000000000,0
38500000000000000,0
38550000000000000,0
38600000000000000,0
38650000000000000,5
38700000000000000,3
38750000000000000,5
38800000000000000,0
38850000000000000,0
38900000000000000,35
38950000000000000,0
39000000000000000,2
39050000000000000,0
39100000000000000,36
39150000000000000,0
39200000000000000,5
39250000000000000,14
39300000000000000,1
39350000000000000,2
39400000000000000,14
39450000000000000,31
39500000000000000,0
39550000000000000,7
39600000000000000,0
39650000000000000,5
39700000000000000,11
39750000000000000,12
39800000000000000,3
39850000000000000,0
39900000000000000,1
39950000000000000,4
40000000000000000,7
40050000000000000,0
40100000000000000,0
40150000000000000,1
40200000000000000,0
40250000000000000,1
40300000000000000,0
40350000000000000,0
40400000000000000,3
40450000000000000,21
40500000000000000,0
40550000000000000,2
40600000000000000,0
40650000000000000,13
40700000000000000,11
40750000000000000,18
40800000000000000,4
40850000000000000,190
40900000000000000,0
40950000000000000,1
41000000000000000,12
41050000000000000,10
41100000000000000,156
41150000000000000,0
41200000000000000,39
41250000000000000,0
41300000000000000,91
41350000000000000,25
41400000000000000,4
41450000000000000,4
41500000000000000,2
41550000000000000,43
41600000000000000,23
41650000000000000,1
41700000000000000,1
41750000000000000,13
41800000000000000,1
41850000000000000,2
41900000000000000,2
41950000000000000,10
42000000000000000,0
42050000000000000,0
42100000000000000,69
42150000000000000,2
42200000000000000,40
42250000000000000,7
42300000000000000,14
42350000000000000,9
42400000000000000,5
42450000000000000,96
42500000000000000,0
42550000000000000,1
42600000000000000,0
42650000000000000,10
42700000000000000,1
42750000000000000,0
42800000000000000,0
42850000000000000,2
42900000000000000,5
42950000000000000,20
43000000000000000,4
43050000000000000,6
43100000000000000,1
43150000000000000,12
43200000000000000,0
43250000000000000,26
43300000000000000,1
43350000000000000,49
43400000000000000,37
43450000000000000,2
43500000000000000,12
43550000000000000,0
43600000000000000,11
43650000000000000,12
43700000000000000,31
43750000000000000,10
43800000000000000,1
43850000000000000,33
43900000000000000,0
43950000000000000,6
44000000000000000,3
44050000000000000,33
44100000000000000,4
44150000000000000,0
44200000000000000,2
44250000000000000,0
44300000000000000,5
44350000000000000,0
44400000000000000,0
44450000000000000,0
44500000000000000,1
44550000000000000,0
44600000000000000,6
44650000000000000,8
44700000000000000,1
44750000000000000,1
44800000000000000,6
44850000000000000,0
44900000000000000,0
44950000000000000,3
45000000000000000,17
45050000000000000,0
45100000000000000,0
45150000000000000,1
45200000000000000,0
45250000000000000,0
45300000000000000,1
45350000000000000,17
45400000000000000,0
45450000000000000,23
45500000000000000,0
45550000000000000,0
45600000000000000,10
45650000000000000,0
45700000000000000,11
45750000000000000,5
45800000000000000,0
45850000000000000,1
45900000000000000,0
45950000000000000,0
46000000000000000,8
46050000000000000,14
46100000000000000,0
46150000000000000,1
46200000000000000,0
46250000000000000,0
46300000000000000,7
46350000000000000,0
46400000000000000,0
46450000000000000,0
46500000000000000,0
46550000000000000,1
46600000000000000,1
46650000000000000,7
46700000000000000,16
46750000000000000,7
46800000000000000,1
46850000000000000,1
46900000000000000,9
46950000000000000,10
47000000000000000,44
47050000000000000,0
47100000000000000,2
47150000000000000,17
47200000000000000,26
47250000000000000,0
47300000000000000,54
47350000000000000,8
47400000000000000,24
47450000000000000,14
47500000000000000,29
47550000000000000,21
47600000000000000,32
47650000000000000,1
47700000000000000,2
47750000000000000,1
47800000000000000,4
47850000000000000,0
47900000000000000,1
47950000000000000,0
48000000000000000,23
48050000000000000,16
48100000000000000,33
48150000000000000,0
48200000000000000,0
48250000000000000,0
48300000000000000,3
48350000000000000,37
48400000000000000,18
48450000000000000,2
48500000000000000,0
48550000000000000,0
48600000000000000,0
48650000000000000,0
48700000000000000,3
48750000000000000,0
48800000000000000,3
48850000000000000,189
48900000000000000,2
48950000000000000,0
49000000000000000,6
49050000000000000,2
49100000000000000,136
49150000000000000,24
49200000000000000,3
49250000000000000,0
49300000000000000,2
49350000000000000,190
49400000000000000,8
49450000000000000,0
49500000000000000,1
49550000000000000,12
49600000000000000,172
49650000000000000,10
49700000000000000,0
49750000000000000,40
49800000000000000,0
49850000000000000,169
49900000000000000,2
49950000000000000,0
