0,52
50000000000000,48
100000000000000,48
150000000000000,48
200000000000000,49
250000000000000,49
300000000000000,51
350000000000000,48
400000000000000,48
450000000000000,50
500000000000000,50
550000000000000,48
600000000000000,48
650000000000000,51
700000000000000,51
750000000000000,47
800000000000000,50
850000000000000,52
900000000000000,46
950000000000000,33
1000000000000000,0
1050000000000000,0
1100000000000000,0
1150000000000000,0
1200000000000000,0
1250000000000000,0
1300000000000000,0
1350000000000000,0
1400000000000000,0
1450000000000000,0
1500000000000000,0
1550000000000000,0
1600000000000000,0
1650000000000000,0
1700000000000000,0
1750000000000000,209
1800000000000000,0
1850000000000000,0
1900000000000000,0
1950000000000000,33
2000000000000000,48
2050000000000000,50
2100000000000000,50
2150000000000000,61
2200000000000000,49
2250000000000000,55
2300000000000000,49
2350000000000000,48
2400000000000000,47
2450000000000000,52
2500000000000000,50
2550000000000000,44
2600000000000000,50
2650000000000000,46
2700000000000000,48
2750000000000000,47
2800000000000000,49
2850000000000000,48
2900000000000000,48
2950000000000000,50
3000000000000000,52
3050000000000000,42
3100000000000000,49
3150000000000000,49
3200000000000000,49
3250000000000000,47
3300000000000000,50
3350000000000000,52
3400000000000000,48
3450000000000000,49
3500000000000000,49
3550000000000000,47
3600000000000000,51
3650000000000000,51
3700000000000000,48
3750000000000000,48
3800000000000000,48
3850000000000000,52
3900000000000000,49
3950000000000000,50
4000000000000000,51
4050000000000000,47
4100000000000000,51
4150000000000000,50
4200000000000000,50
4250000000000000,48
4300000000000000,49
4350000000000000,51
4400000000000000,49
4450000000000000,49
4500000000000000,47
4550000000000000,50
4600000000000000,48
4650000000000000,52
4700000000000000,48
4750000000000000,47
4800000000000000,49
4850000000000000,51
4900000000000000,47
4950000000000000,51
5000000000000000,48
5050000000000000,50
5100000000000000,48
5150000000000000,50
5200000000000000,48
5250000000000000,51
5300000000000000,47
5350000000000000,51
5400000000000000,48
5450000000000000,48
5500000000000000,50
5550000000000000,31
5600000000000000,0
5650000000000000,0
5700000000000000,0
5750000000000000,0
5800000000000000,0
5850000000000000,0
5900000000000000,0
5950000000000000,0
6000000000000000,0
6050000000000000,0
6100000000000000,0
6150000000000000,0
6200000000000000,0
6250000000000000,0
6300000000000000,0
6350000000000000,143
6400000000000000,65
6450000000000000,0
6500000000000000,0
6550000000000000,18
6600000000000000,48
6650000000000000,50
6700000000000000,50
6750000000000000,60
6800000000000000,43
6850000000000000,56
6900000000000000,52
6950000000000000,52
7000000000000000,50
7050000000000000,48
7100000000000000,50
7150000000000000,48
7200000000000000,49
7250000000000000,45
7300000000000000,48
7350000000000000,46
7400000000000000,47
7450000000000000,51
7500000000000000,49
7550000000000000,50
7600000000000000,46
7650000000000000,47
7700000000000000,49
7750000000000000,49
7800000000000000,51
7850000000000000,47
7900000000000000,50
7950000000000000,48
8000000000000000,50
8050000000000000,50
8100000000000000,45
8150000000000000,50
8200000000000000,47
8250000000000000,53
8300000000000000,50
8350000000000000,46
8400000000000000,48
8450000000000000,54
8500000000000000,49
8550000000000000,52
8600000000000000,49
8650000000000000,50
8700000000000000,50
8750000000000000,48
8800000000000000,46
8850000000000000,50
8900000000000000,53
8950000000000000,47
9000000000000000,49
9050000000000000,49
9100000000000000,49
9150000000000000,52
9200000000000000,46
9250000000000000,52
9300000000000000,46
9350000000000000,49
9400000000000000,49
9450000000000000,47
9500000000000000,51
9550000000000000,47
9600000000000000,48
9650000000000000,48
9700000000000000,52
9750000000000000,52
9800000000000000,46
9850000000000000,49
9900000000000000,49
9950000000000000,51
10000000000000000,50
10050000000000000,46
10100000000000000,52
10150000000000000,45
10200000000000000,0
10250000000000000,0
10300000000000000,0
10350000000000000,0
10400000000000000,0
10450000000000000,0
10500000000000000,0
10550000000000000,0
10600000000000000,0
10650000000000000,0
10700000000000000,0
10750000000000000,0
10800000000000000,0
10850000000000000,0
10900000000000000,0
10950000000000000,209
11000000000000000,0
11050000000000000,0
11100000000000000,0
11150000000000000,53
11200000000000000,50
11250000000000000,48
11300000000000000,59
11350000000000000,48
11400000000000000,54
11450000000000000,55
11500000000000000,46
11550000000000000,32
11600000000000000,65
11650000000000000,48
11700000000000000,50
11750000000000000,50
11800000000000000,44
11850000000000000,49
11900000000000000,44
11950000000000000,51
12000000000000000,45
12050000000000000,50
12100000000000000,48
12150000000000000,54
12200000000000000,48
12250000000000000,43
12300000000000000,49
12350000000000000,48
12400000000000000,55
12450000000000000,44
12500000000000000,52
12550000000000000,46
12600000000000000,50
12650000000000000,49
12700000000000000,53
12750000000000000,47
12800000000000000,49
12850000000000000,45
12900000000000000,50
12950000000000000,50
13000000000000000,50
13050000000000000,48
13100000000000000,52
13150000000000000,50
13200000000000000,51
13250000000000000,47
13300000000000000,50
13350000000000000,52
13400000000000000,48
13450000000000000,48
13500000000000000,47
13550000000000000,55
13600000000000000,49
13650000000000000,49
13700000000000000,47
13750000000000000,50
13800000000000000,47
13850000000000000,51
13900000000000000,49
13950000000000000,47
14000000000000000,47
14050000000000000,55
14100000000000000,43
14150000000000000,50
14200000000000000,52
14250000000000000,48
14300000000000000,51
14350000000000000,48
14400000000000000,49
14450000000000000,51
14500000000000000,41
14550000000000000,55
14600000000000000,48
14650000000000000,52
14700000000000000,48
14750000000000000,18
14800000000000000,0
14850000000000000,0
14900000000000000,0
14950000000000000,0
15000000000000000,0
15050000000000000,0
15100000000000000,0
15150000000000000,0
15200000000000000,0
15250000000000000,0
15300000000000000,0
15350000000000000,0
15400000000000000,209
15450000000000000,0
15500000000000000,0
15550000000000000,0
15600000000000000,39
15650000000000000,50
15700000000000000,48
15750000000000000,50
15800000000000000,58
15850000000000000,54
15900000000000000,55
15950000000000000,49
16000000000000000,43
16050000000000000,51
16100000000000000,50
16150000000000000,48
16200000000000000,52
16250000000000000,44
16300000000000000,47
16350000000000000,48
16400000000000000,48
16450000000000000,48
16500000000000000,50
16550000000000000,48
16600000000000000,48
16650000000000000,52
16700000000000000,43
16750000000000000,45
16800000000000000,51
16850000000000000,49
16900000000000000,50
16950000000000000,50
17000000000000000,48
17050000000000000,48
17100000000000000,49
17150000000000000,49
17200000000000000,51
17250000000000000,47
17300000000000000,51
17350000000000000,50
17400000000000000,48
17450000000000000,48
17500000000000000,51
17550000000000000,49
17600000000000000,53
17650000000000000,49
17700000000000000,51
17750000000000000,47
17800000000000000,51
17850000000000000,46
17900000000000000,52
17950000000000000,49
18000000000000000,50
18050000000000000,51
18100000000000000,47
18150000000000000,50
18200000000000000,46
18250000000000000,52
18300000000000000,50
18350000000000000,47
18400000000000000,49
18450000000000000,49
18500000000000000,49
18550000000000000,49
18600000000000000,50
18650000000000000,48
18700000000000000,48
18750000000000000,50
18800000000000000,47
18850000000000000,51
18900000000000000,51
18950000000000000,47
19000000000000000,49
19050000000000000,50
19100000000000000,50
19150000000000000,48
19200000000000000,32
19250000000000000,0
19300000000000000,0
19350000000000000,0
19400000000000000,0
19450000000000000,0
19500000000000000,0
19550000000000000,0
19600000000000000,0
19650000000000000,0
19700000000000000,0
19750000000000000,0
19800000000000000,0
19850000000000000,0
19900000000000000,0
19950000000000000,209
20000000000000000,0
20050000000000000,0
20100000000000000,0
20150000000000000,29
20200000000000000,52
20250000000000000,11
20300000000000000,0
20350000000000000,18
20400000000000000,0
20450000000000000,0
20500000000000000,0
20550000000000000,0
20600000000000000,0
20650000000000000,0
20700000000000000,0
20750000000000000,0
20800000000000000,0
20850000000000000,0
20900000000000000,0
20950000000000000,205
21000000000000000,0
21050000000000000,0
21100000000000000,0
21150000000000000,43
21200000000000000,48
21250000000000000,52
21300000000000000,56
21350000000000000,46
21400000000000000,49
21450000000000000,54
21500000000000000,49
21550000000000000,30
21600000000000000,68
21650000000000000,52
21700000000000000,46
21750000000000000,42
21800000000000000,47
21850000000000000,48
21900000000000000,41
21950000000000000,53
22000000000000000,50
22050000000000000,48
22100000000000000,48
22150000000000000,50
22200000000000000,50
22250000000000000,51
22300000000000000,51
22350000000000000,47
22400000000000000,51
22450000000000000,46
22500000000000000,52
22550000000000000,48
22600000000000000,52
22650000000000000,48
22700000000000000,51
22750000000000000,47
22800000000000000,49
22850000000000000,51
22900000000000000,47
22950000000000000,50
23000000000000000,52
23050000000000000,47
23100000000000000,48
23150000000000000,49
23200000000000000,52
23250000000000000,48
23300000000000000,50
23350000000000000,46
23400000000000000,50
23450000000000000,52
23500000000000000,49
23550000000000000,51
23600000000000000,47
23650000000000000,49
23700000000000000,49
23750000000000000,48
23800000000000000,51
23850000000000000,50
23900000000000000,49
23950000000000000,46
24000000000000000,53
24050000000000000,47
24100000000000000,48
24150000000000000,52
24200000000000000,47
24250000000000000,49
24300000000000000,47
24350000000000000,53
24400000000000000,47
24450000000000000,38
24500000000000000,0
24550000000000000,0
24600000000000000,0
24650000000000000,0
24700000000000000,0
24750000000000000,210
24800000000000000,0
24850000000000000,0
24900000000000000,0
24950000000000000,39
25000000000000000,42
25050000000000000,39
25100000000000000,28
25150000000000000,74
25200000000000000,49
25250000000000000,26
25300000000000000,39
25350000000000000,32
25400000000000000,57
25450000000000000,51
25500000000000000,42
25550000000000000,35
25600000000000000,50
25650000000000000,48
25700000000000000,50
25750000000000000,45
25800000000000000,51
25850000000000000,50
25900000000000000,49
25950000000000000,45
26000000000000000,48
26050000000000000,50
26100000000000000,48
26150000000000000,54
26200000000000000,50
26250000000000000,51
26300000000000000,48
26350000000000000,51
26400000000000000,50
26450000000000000,52
26500000000000000,44
26550000000000000,52
26600000000000000,52
26650000000000000,49
26700000000000000,47
26750000000000000,49
26800000000000000,48
26850000000000000,50
26900000000000000,46
26950000000000000,52
27000000000000000,47
27050000000000000,49
27100000000000000,49
27150000000000000,47
27200000000000000,51
27250000000000000,44
27300000000000000,46
27350000000000000,50
27400000000000000,52
27450000000000000,45
27500000000000000,54
27550000000000000,49
27600000000000000,47
27650000000000000,52
27700000000000000,50
27750000000000000,50
27800000000000000,46
27850000000000000,53
27900000000000000,46
27950000000000000,46
28000000000000000,52
28050000000000000,50
28100000000000000,48
28150000000000000,50
28200000000000000,46
28250000000000000,50
28300000000000000,51
28350000000000000,47
28400000000000000,50
28450000000000000,18
28500000000000000,0
28550000000000000,0
28600000000000000,0
28650000000000000,0
28700000000000000,1
28750000000000000,0
28800000000000000,0
28850000000000000,0
28900000000000000,0
28950000000000000,0
29000000000000000,0
29050000000000000,0
29100000000000000,0
29150000000000000,0
29200000000000000,0
29250000000000000,172
29300000000000000,38
29350000000000000,0
29400000000000000,0
29450000000000000,14
29500000000000000,52
29550000000000000,48
29600000000000000,50
29650000000000000,48
29700000000000000,48
29750000000000000,40
29800000000000000,48
29850000000000000,54
29900000000000000,47
29950000000000000,50
30000000000000000,52
30050000000000000,48
30100000000000000,48
30150000000000000,52
30200000000000000,47
30250000000000000,53
30300000000000000,49
30350000000000000,47
30400000000000000,52
30450000000000000,46
30500000000000000,50
30550000000000000,47
30600000000000000,53
30650000000000000,47
30700000000000000,49
30750000000000000,53
30800000000000000,48
30850000000000000,48
30900000000000000,50
30950000000000000,46
31000000000000000,51
31050000000000000,49
31100000000000000,49
31150000000000000,48
31200000000000000,50
31250000000000000,46
31300000000000000,52
31350000000000000,48
31400000000000000,48
31450000000000000,50
31500000000000000,49
31550000000000000,47
31600000000000000,55
31650000000000000,48
31700000000000000,48
31750000000000000,50
31800000000000000,46
31850000000000000,51
31900000000000000,47
31950000000000000,49
32000000000000000,51
32050000000000000,49
32100000000000000,48
32150000000000000,50
32200000000000000,48
32250000000000000,48
32300000000000000,49
32350000000000000,49
32400000000000000,49
32450000000000000,54
32500000000000000,48
32550000000000000,48
32600000000000000,52
32650000000000000,48
32700000000000000,47
32750000000000000,51
32800000000000000,47
32850000000000000,51
32900000000000000,43
32950000000000000,0
33000000000000000,0
33050000000000000,0
33100000000000000,0
33150000000000000,0
33200000000000000,0
33250000000000000,0
33300000000000000,0
33350000000000000,0
33400000000000000,0
33450000000000000,0
33500000000000000,0
33550000000000000,0
33600000000000000,0
33650000000000000,0
33700000000000000,0
33750000000000000,0
33800000000000000,209
33850000000000000,0
33900000000000000,0
33950000000000000,0
34000000000000000,14
34050000000000000,42
34100000000000000,35
34150000000000000,35
34200000000000000,50
34250000000000000,66
34300000000000000,38
34350000000000000,35
34400000000000000,42
34450000000000000,58
34500000000000000,49
34550000000000000,47
34600000000000000,37
34650000000000000,39
34700000000000000,52
34750000000000000,48
34800000000000000,48
34850000000000000,51
34900000000000000,51
34950000000000000,49
35000000000000000,51
35050000000000000,47
35100000000000000,48
35150000000000000,50
35200000000000000,48
35250000000000000,54
35300000000000000,47
35350000000000000,51
35400000000000000,51
35450000000000000,51
35500000000000000,46
35550000000000000,50
35600000000000000,50
35650000000000000,49
35700000000000000,47
35750000000000000,49
35800000000000000,51
35850000000000000,49
35900000000000000,52
35950000000000000,48
36000000000000000,46
36050000000000000,48
36100000000000000,55
36150000000000000,49
36200000000000000,50
36250000000000000,49
36300000000000000,48
36350000000000000,50
36400000000000000,46
36450000000000000,52
36500000000000000,51
36550000000000000,47
36600000000000000,49
36650000000000000,49
36700000000000000,53
36750000000000000,44
36800000000000000,51
36850000000000000,51
36900000000000000,48
36950000000000000,51
37000000000000000,45
37050000000000000,50
37100000000000000,47
37150000000000000,50
37200000000000000,48
37250000000000000,50
37300000000000000,48
37350000000000000,51
37400000000000000,47
37450000000000000,51
37500000000000000,49
37550000000000000,49
37600000000000000,50
37650000000000000,10
37700000000000000,0
37750000000000000,0
37800000000000000,0
37850000000000000,0
37900000000000000,0
37950000000000000,0
38000000000000000,0
38050000000000000,0
38100000000000000,0
38150000000000000,0
38200000000000000,0
38250000000000000,0
38300000000000000,0
38350000000000000,0
38400000000000000,210
38450000000000000,0
38500000000000000,0
38550000000000000,0
38600000000000000,51
38650000000000000,52
38700000000000000,48
38750000000000000,38
38800000000000000,67
38850000000000000,53
38900000000000000,55
38950000000000000,48
39000000000000000,32
39050000000000000,67
39100000000000000,48
39150000000000000,50
39200000000000000,50
39250000000000000,44
39300000000000000,48
39350000000000000,47
39400000000000000,49
39450000000000000,47
39500000000000000,52
39550000000000000,46
39600000000000000,50
39650000000000000,52
39700000000000000,41
39750000000000000,48
39800000000000000,47
39850000000000000,53
39900000000000000,47
39950000000000000,49
40000000000000000,50
40050000000000000,50
40100000000000000,47
40150000000000000,51
40200000000000000,47
40250000000000000,47
40300000000000000,52
40350000000000000,47
40400000000000000,50
40450000000000000,50
40500000000000000,50
40550000000000000,51
40600000000000000,50
40650000000000000,50
40700000000000000,49
40750000000000000,50
40800000000000000,50
40850000000000000,48
40900000000000000,50
40950000000000000,47
41000000000000000,49
41050000000000000,49
41100000000000000,52
41150000000000000,50
41200000000000000,46
41250000000000000,52
41300000000000000,50
41350000000000000,30
41400000000000000,0
41450000000000000,0
41500000000000000,0
41550000000000000,0
41600000000000000,0
41650000000000000,0
41700000000000000,0
41750000000000000,0
41800000000000000,0
41850000000000000,0
41900000000000000,0
41950000000000000,0
42000000000000000,0
42050000000000000,0
42100000000000000,0
42150000000000000,0
42200000000000000,0
42250000000000000,0
42300000000000000,0
42350000000000000,0
42400000000000000,0
42450000000000000,0
42500000000000000,0
42550000000000000,0
42600000000000000,0
42650000000000000,0
42700000000000000,209
42750000000000000,0
42800000000000000,0
42850000000000000,0
42900000000000000,36
42950000000000000,48
43000000000000000,51
43050000000000000,59
43100000000000000,51
43150000000000000,57
43200000000000000,54
43250000000000000,51
43300000000000000,36
43350000000000000,61
43400000000000000,52
43450000000000000,12
43500000000000000,0
43550000000000000,0
43600000000000000,0
43650000000000000,0
43700000000000000,212
43750000000000000,0
43800000000000000,0
43850000000000000,0
43900000000000000,43
43950000000000000,50
44000000000000000,50
44050000000000000,65
44100000000000000,42
44150000000000000,54
44200000000000000,53
44250000000000000,50
44300000000000000,17
44350000000000000,75
44400000000000000,0
44450000000000000,0
44500000000000000,0
44550000000000000,0
44600000000000000,0
44650000000000000,1
44700000000000000,0
44750000000000000,0
44800000000000000,0
44850000000000000,0
44900000000000000,0
44950000000000000,0
45000000000000000,0
45050000000000000,0
45100000000000000,0
45150000000000000,0
45200000000000000,0
45250000000000000,0
45300000000000000,201
45350000000000000,0
45400000000000000,0
45450000000000000,0
45500000000000000,11
45550000000000000,45
45600000000000000,39
45650000000000000,32
45700000000000000,47
45750000000000000,42
45800000000000000,37
45850000000000000,36
45900000000000000,29
45950000000000000,60
46000000000000000,40
46050000000000000,37
46100000000000000,24
46150000000000000,47
46200000000000000,50
46250000000000000,44
46300000000000000,22
46350000000000000,56
46400000000000000,50
46450000000000000,46
46500000000000000,25
46550000000000000,50
46600000000000000,50
46650000000000000,48
46700000000000000,28
46750000000000000,54
46800000000000000,49
46850000000000000,51
46900000000000000,35
46950000000000000,48
47000000000000000,52
47050000000000000,46
47100000000000000,44
47150000000000000,50
47200000000000000,55
47250000000000000,51
47300000000000000,39
47350000000000000,48
47400000000000000,50
47450000000000000,54
47500000000000000,44
47550000000000000,56
47600000000000000,57
47650000000000000,49
47700000000000000,49
47750000000000000,52
47800000000000000,46
47850000000000000,50
47900000000000000,48
47950000000000000,51
48000000000000000,51
48050000000000000,48
48100000000000000,51
48150000000000000,48
48200000000000000,50
48250000000000000,46
48300000000000000,19
48350000000000000,0
48400000000000000,0
48450000000000000,0
48500000000000000,0
48550000000000000,209
48600000000000000,0
48650000000000000,0
48700000000000000,0
48750000000000000,55
48800000000000000,50
48850000000000000,52
48900000000000000,61
48950000000000000,43
49000000000000000,56
49050000000000000,55
49100000000000000,51
49150000000000000,41
49200000000000000,57
49250000000000000,50
49300000000000000,48
49350000000000000,48
49400000000000000,49
49450000000000000,43
49500000000000000,46
49550000000000000,47
49600000000000000,50
49650000000000000,48
49700000000000000,50
49750000000000000,48
49800000000000000,50
49850000000000000,48
49900000000000000,47
49950000000000000,51
